Team,o_Effic,o_FG_rate,o_FT_rate,o_3P_rate,d_Effic,d_FG_rate,d_FT_rate,d_3P_rate,WIN_LOSE_rate
ANA,4792,0.41703917959505654,0.7342249657064472,0.0,5067,0.43614830072090627,0.7038709677419355,0.0,0.32051282051282054
AND,1878,0.3106811640550048,0.7268459240290226,0.0,5350,0.0,0.0,0.0,0.578125
ATL,366659,0.4610377605570876,0.7526552739032817,0.9911153419006822,376424,0.46687904634672694,0.7589284562702333,0.8985367200441745,0.49467021985343107
BA1,15424,0.3416236003445306,0.7152475516866159,0.0,37540,0.0,0.0,0.0,0.3511111111111111
BAL,57186,0.4438638472432485,0.7337299974130603,0.0,83333,0.4462025316455696,0.744252015527023,0.0,0.4932349323493235
BOS,471892,0.44055460004082775,0.7526361941535809,0.7334416903697684,531599,0.4612948318555795,0.7563323397721261,0.7968671679197995,0.5959068147180492
BUF,73037,0.4602863080120065,0.7487437185929648,0.0,76425,0.4648534426177022,0.7583786724700762,0.0,0.3948170731707317
CAP,10558,0.44128835911742326,0.7453183520599251,0.0,10589,0.4505154639175258,0.7559487492373398,0.0,0.573170731707317
CAR,31595,0.46670008773029203,0.7175153973261229,0.0,31810,0.46837853136417434,0.7490696825975921,0.0,0.5119047619047619
CH1,4533,0.3170893346293187,0.6662096282754418,0.0,18028,0.0,0.0,0.0,0.6118143459915611
CH2,10383,0.4309594398536555,0.6852010265183918,0.0,18664,0.0,0.0,0.0,0.26875
CHA,144275,0.46332534180003887,0.761911253493286,1.5011748909029876,145859,0.46834014648271166,0.7516282344657631,1.3301233824857057,0.48566308243727596
CHI,379827,0.46111381481938823,0.7519144516850599,0.907115531752104,389327,0.46866606609612466,0.7518633291480779,0.8830576155162578,0.5096366508688783
CHR,9569,0.43169558244642076,0.7094465648854962,0.36322360953461974,10580,0.4633471645919779,0.7670030715225976,0.3611111111111111,0.21951219512195122
CIN,87533,0.442264767568205,0.7456244115587959,0.0,131440,0.4664715612673368,0.7348797250859107,0.0,0.4667788057190917
CL1,195,0.2937357431128268,0.6323529411764706,0.0,4308,0.0,0.0,0.0,0.5
CLE,347207,0.458176334523936,0.752718682542053,1.1356193411674051,357970,0.46750807695967106,0.7604563740684561,0.8959365708622399,0.4400986610288936
DAL,259253,0.4603456016946226,0.7657730485787336,0.8773638968481375,272738,0.4765018437327604,0.7470655969095906,0.8361132170836493,0.4578790882061447
DE1,-698,0.24593530720520282,0.6178045515394913,0.0,3918,0.0,0.0,0.0,0.3333333333333333
DEN,375109,0.4610767184035477,0.7616521162439253,1.0017454545454545,385370,0.47220225688205275,0.7490506329113924,1.0730104300614374,0.4809061488673139
DET,419597,0.4514824297747597,0.7419466965596948,0.8773623385452073,475142,0.4665017976436789,0.7517430638532544,0.9304828823441471,0.4845974631115713
DLC,28988,0.4527071793920441,0.756762513312034,0.0,28291,0.4432020199417721,0.7400325755966292,0.0,0.4950980392156863
DN1,1766,0.3340409108452335,0.6778389194597298,0.0,5524,0.0,0.0,0.0,0.1774193548387097
FLA,12943,0.4554130063831132,0.7706826600811431,0.0,12876,0.46011246369647163,0.7679425837320574,0.0,0.43452380952380953
FTW,26050,0.35560571272911234,0.7269703409405894,0.0,52489,0.0,0.0,0.0,0.505654281098546
GSW,358539,0.4633544593058763,0.7476709093294843,0.8846521798551319,374319,0.4746840100070311,0.7498294613552996,0.985014985014985,0.4448476052249637
HMV,8555,0.4056780702321671,0.7181620839363242,0.0,10404,0.4365389803075263,0.7401082177882989,0.0,0.3333333333333333
HOU,358432,0.4693215450370687,0.7574560427331405,0.9512055109070034,351843,0.4663680283251435,0.7535904199639911,0.947736748064324,0.5166908563134979
IND,365799,0.46486189852906823,0.7573545225078384,1.0910951893551688,362221,0.46192925123054923,0.7503246383414968,1.0458465728551976,0.5132686084142395
INI,11000,0.3642499655631572,0.7178528347406514,0.0,21926,0.0,0.0,0.0,0.49070631970260226
INJ,1403,0.3020309297559158,0.6896551724137931,0.0,4764,0.0,0.0,0.0,0.3
KCK,141849,0.4780497401172061,0.7618630653689422,0.0,142538,0.4827386163468942,0.7585044628924537,0.0,0.4634146341463415
KEN,55289,0.4544297423560019,0.7367867473047593,0.0,50922,0.44331590950944144,0.7484410185345575,0.0,0.6021505376344086
LAC,211989,0.45724392061996316,0.7332155086711587,0.8240113439420198,229507,0.472850411841037,0.7519396645138919,0.8725049198763003,0.3384615384615385
LAL,445013,0.4746076837771735,0.742823285167051,0.8737743577013777,449350,0.45896557223374007,0.7450829640605561,0.8583520698320328,0.6322722283205269
LAS,11024,0.43651457622755646,0.7273743016759776,0.0,11840,0.44957635216920433,0.7486612541026084,0.0,0.4691358024691358
MEM,39834,0.44512707013660996,0.7321562734785876,0.3441545893719807,41057,0.446791715220088,0.7622227822580645,0.3525835866261398,0.4451219512195122
MFL,10744,0.4385723231058234,0.7302959760558696,0.0,12176,0.4513787174425269,0.7495743956418114,0.0,0.4074074074074074
MI1,10152,0.3483699948844347,0.6948381637402158,0.0,22885,0.0,0.0,0.0,0.3238434163701068
MIA,165811,0.45245582781938487,0.7353527186624701,0.8746181616217718,166336,0.45059672877049106,0.7520063567739372,0.794,0.4845814977973568
MIE,40669,0.3783049237426777,0.7457949857188194,0.0,76992,0.0,0.0,0.0,0.5446960667461264
MIL,378880,0.47489786896740954,0.7564027027365835,0.8967524906197438,374100,0.46138298523917437,0.7506337255495441,0.8643553081108439,0.5383077948034644
MIN,160258,0.4569081503098293,0.768242385786802,0.7317604355716878,162079,0.4586187405995229,0.7452616936185011,0.7733962788114412,0.4390625
MMP,10844,0.42880114346971593,0.735453034081463,0.0,11963,0.44515763639796113,0.7584618110933901,0.0,0.39880952380952384
MMS,6089,0.4574168797953964,0.7745042492917847,0.0,6944,0.4919593464556799,0.7532946758039009,0.0,0.32142857142857145
MMT,12359,0.4627579430068785,0.7525295109612141,0.0,13711,0.4799008091882015,0.7568656169901136,0.0,0.26785714285714285
MNM,3580,0.40178129638792676,0.6388140161725068,0.0,4192,0.41164439596400326,0.7157250809643757,0.0,0.6410256410256411
MNP,4703,0.41577958672510956,0.6942119944211994,0.0,5311,0.4431667988369019,0.74078052273541,0.0,0.46153846153846156
NJA,4565,0.4127086838359001,0.7433936022253129,0.0,4620,0.4289071680376028,0.7059221658206429,0.0,0.46153846153846156
NJN,292510,0.45394380725746325,0.7450936377629553,0.8230517167687704,301703,0.4697981647525459,0.754358942763847,0.8917161436245405,0.4284452296819788
NOB,16282,0.43344827586206897,0.7596704871060171,0.0,14660,0.42267864783910997,0.7384273546475744,0.0,0.5666666666666667
NOH,28266,0.4232686980609418,0.7613175973225295,0.3327581957111166,29305,0.44376947040498443,0.7638419986495611,0.34978070175438597,0.43089430894308944
NOJ,54741,0.4541633624107851,0.7573586534311609,0.0,57612,0.46601790579992214,0.7462825278810409,0.0,0.3926829268292683
NYK,451925,0.44306989030845223,0.7401307696322197,0.9459901800327333,524664,0.4593909053680225,0.7541658425632911,0.8475391806433874,0.5105687513619525
NYN,59146,0.4622561125312306,0.7473031902685334,0.0,59677,0.45652332734259704,0.7493618979873635,0.0,0.48128342245989303
OAK,11244,0.4451541419539855,0.7504774029280713,0.0,10274,0.4311130263481901,0.7162351294611616,0.0,0.5256410256410257
ORL,161095,0.45545286160639115,0.7290735007453274,0.8182175622542595,166524,0.4605029351840653,0.7443501563197856,0.7786604574715792,0.4875
PH1,51665,0.3735574197392065,0.717598332761759,0.0,104841,0.0,0.0,0.0,0.5058930190389845
PHI,404296,0.4615706583663585,0.7451236231267433,0.9916558501761543,430378,0.4651180521002199,0.7529546881051268,0.8764698444809711,0.5321585903083701
PHO,389522,0.47428370924292385,0.7584611102090051,0.8889603705609882,382997,0.46516250314309776,0.7496412647978271,0.9141562250066649,0.54763491005996
PIT,-193,0.27111469461802057,0.6529528865295289,0.0,4056,0.0,0.0,0.0,0.25
POR,370998,0.47152842328910993,0.7427171283266677,0.9447657605552342,359917,0.46663177072555156,0.7576701209862678,0.9028889190288892,0.5408738548273432
PRO,1635,0.29714176098216,0.657911595131326,0.0,13523,0.0,0.0,0.0,0.27380952380952384
PTC,18709,0.45686344379775906,0.7371229986347275,0.0,21059,0.47100671674416755,0.7623773937412424,0.0,0.35714285714285715
PTP,4861,0.42906482465462276,0.7143360338147235,0.0,4743,0.42860930664191965,0.7111766875691626,0.0,0.6923076923076923
ROC,29385,0.37661172339802984,0.7196584387102795,0.0,52797,0.0,0.0,0.0,0.5758064516129032
SAC,208960,0.4611111516114687,0.7513934291291362,0.7912824811399832,215195,0.4650782392194896,0.7504661845636058,0.8164762307800818,0.4583333333333333
SAS,343288,0.4802317135504004,0.7519635372156432,0.8515658515658515,324740,0.4625664940155386,0.7542691408446536,1.0687891784889476,0.5842956120092379
SDC,65733,0.48342051500796984,0.7330973707021092,0.0,71282,0.5094663583709165,0.7605446927374302,0.0,0.3780487804878049
SDQ,18387,0.4483525208416038,0.7492298213185459,0.0,20614,0.47307738500340285,0.7555354722096701,0.0,0.3888888888888889
SDR,22031,0.42267413187897074,0.7183438064904881,0.0,35634,0.44914835843001727,0.7373406193078325,0.0,0.3628048780487805
SDS,653,0.4235294117647059,0.7805755395683454,0.0,771,0.4473420260782347,0.7672131147540984,0.0,0.2727272727272727
SEA,381691,0.4652725750297475,0.7471153404128166,0.8717527129233804,384932,0.4638897739434491,0.7506312648251587,0.880355599456723,0.5379377431906615
SFW,48913,0.4287707436176064,0.7128391586519666,0.0,79630,0.42802532552861067,0.7484900776531492,0.0,0.45267489711934156
SHE,2408,0.34388689765033853,0.7074422583404619,0.0,5444,0.0,0.0,0.0,0.3548387096774194
ST1,3928,0.3090025525230709,0.6791101630351973,0.0,17212,0.0,0.0,0.0,0.5147679324894515
STL,79081,0.4257430892053778,0.7353287089263856,0.0,123506,0.47753795959342454,0.7828571428571428,0.0,0.5285592497868713
SYR,57791,0.39048973275898125,0.7603275126526935,0.0,100587,0.0,0.0,0.0,0.5686080947680158
TEX,6511,0.4434996643544417,0.7658774896655393,0.0,7217,0.46139254630662796,0.7618685909608811,0.0,0.35714285714285715
TO1,-284,0.2671015514809591,0.6224226804123711,0.0,4260,0.0,0.0,0.0,0.36666666666666664
TOR,93976,0.4360132021422344,0.7410666666666667,0.5727798213347346,98581,0.45656997939451577,0.7413943990665111,0.6153230966090851,0.39847715736040606
TRI,4797,0.3293527172031845,0.7249102049440102,0.0,11334,0.0,0.0,0.0,0.4090909090909091
UTA,285601,0.4815706017369365,0.7622549418368177,0.9900781085074942,266250,0.45781511257701735,0.7547382185953354,0.946578548809032,0.5647619047619048
UTS,34707,0.47439027459666255,0.7871759890859482,0.0,31401,0.45065908378918956,0.755734504636408,0.0,0.6077981651376146
VAN,53148,0.44058370044052864,0.7405891252113553,1.0509485094850948,61083,0.47078769611668775,0.7374654218533887,1.0963855421686748,0.21956521739130436
VIR,37592,0.4589964052218882,0.7577498579455774,0.0,39833,0.468847319469119,0.7578635746885408,0.0,0.3976143141153082
WA1,249179,0.4692780475567581,0.7423785058872918,0.0,254955,0.4710284154110628,0.7534746737135134,0.0,0.47030752916224816
WAC,6837,0.464321482223335,0.7563739376770539,0.0,6275,0.44820002315082763,0.7271777003484321,0.0,0.5238095238095238
WAS,73218,0.4405429037001709,0.7359818805093046,0.4283841363487381,77739,0.45514498691021005,0.7540301944728761,0.44219094922737306,0.40384615384615385
WAT,2514,0.3560358890701468,0.7137862137862138,0.0,5264,0.0,0.0,0.0,0.3064516129032258
WSC,5246,0.3105945901706429,0.7300012717792191,0.0,20284,0.0,0.0,0.0,0.5793357933579336
